The [min, max] values for:
	x-coordinates: [-2.0,2.0]
	y-coordinates: [-2.0,2.0]
	u            : [-0.12674716114997864,1.4902634620666504]
	v            : [-0.8343785405158997,0.8177963495254517]
	p            : [-1.9049606323242188,1.4935235977172852]

